x,-5.0,-4.58333,-4.16667,-3.75,-3.33333,-2.91667,-2.5,-2.08333,-1.66667,-1.25,-0.83333,-0.41667,0.0,0.41667,0.83333,1.25,1.66667,2.08333,2.5,2.91667,3.33333,3.75,4.16667,4.58333,5.0
-5.0,3.981989985392761e-09,9.612052964698175e-09,2.0944705678340974e-08,4.100470333906178e-08,7.159420879361262e-08,1.0874090352245508e-07,1.3956901823167146e-07,1.417829546608792e-07,8.227294010492893e-08,0.0,0.0,0.0,0.0,0.0,0.0,0.0,0.0,0.0,0.0,0.0,0.0,0.0,0.0,0.0,0.0
-4.58333,2.690760272520294e-08,6.520372355391154e-08,1.427837473117283e-07,2.813718247188241e-07,4.95747800897549e-07,7.626328398703337e-07,9.99794558985795e-07,1.0619217755781492e-06,7.252492443884309e-07,0.0,0.0,0.0,0.0,0.0,0.0,0.0,0.0,0.0,0.0,0.0,0.0,0.0,0.0,0.0,0.0
-4.16667,1.5106658202775243e-07,3.6761343175501753e-07,8.092987886861549e-07,1.6059522953607948e-06,2.8564773404400023e-06,4.4512618220088945e-06,5.9567176862004945e-06,6.588893925328357e-06,5.088104582738963e-06,3.57914267472932e-07,0.0,0.0,0.0,0.0,0.0,0.0,0.0,0.0,0.0,0.0,0.0,0.0,0.0,0.0,0.0
-3.75,6.991704615146863e-07,1.7084730285610638e-06,3.7808154872462573e-06,7.553163588185997e-06,1.3556325532947575e-05,2.1370348554384252e-05,2.9102836659127996e-05,3.326058031200541e-05,2.7956506921875947e-05,7.927017454774954e-06,0.0,0.0,0.0,0.0,0.0,0.0,0.0,0.0,0.0,0.0,0.0,0.0,0.0,0.0,0.0
-3.33333,2.678175778297313e-06,6.579107384611777e-06,1.4655533134480108e-05,2.9524821246823175e-05,5.357955537709726e-05,8.56407511359622e-05,0.00011902197733821329,0.00014100690266366774,0.00012876500792879928,6.120435291571781e-05,0.0,0.0,0.0,0.0,0.0,0.0,0.0,0.0,0.0,0.0,0.0,0.0,0.0,0.0,0.0
-2.91667,8.449728544458275e-06,2.090334482404655e-05,4.696530843711579e-05,9.563846964283754e-05,0.00017597985299089308,0.00028607308742262326,0.0004071827961463584,0.0005019774251097052,0.0004972494531646612,0.0003225498505845725,0.0,0.0,0.0,0.0,0.0,0.0,0.0,0.0,0.0,0.0,0.0,0.0,0.0,0.0,0.0
-2.5,2.1495865105717934e-05,5.363124999916087e-05,0.00012173576057649675,0.0002510270470653614,0.0004692317933127639,0.0007765184362911354,0.0011316919723825636,0.0014477836017870434,0.0015324332410072685,0.001192562368774629,0.0003048439311664053,0.0,0.0,0.0,0.0,0.0,0.0,0.0,0.0,0.0,0.0,0.0,0.0,0.0,0.0
-2.08333,4.350837622939481e-05,0.0001099105950651328,0.0002531587376233422,0.0005312275658089636,0.0010142721745089321,0.0017170200810002968,0.002574345751059132,0.0034333341231636543,0.0038831234363699172,0.003489174395542419,0.0019284410209489014,0.0,0.0,0.0,0.0,0.0,0.0,0.0,0.0,0.0,0.0,0.0,0.0,0.0,0.0
-1.66667,6.67206305848587e-05,0.00017210759838288728,0.00040592414813004013,0.0008752296569666055,0.0017243545886022004,0.0030105051259648593,0.004676884244385035,0.00654589796399899,0.00791770002268723,0.008001956288419102,0.006107694756495104,0.0019433802934364097,0.0,0.0,0.0,0.0,0.0,0.0,0.0,0.0,0.0,0.0,0.0,0.0,0.0
-1.25,6.809210975306605e-05,0.00018462490688910097,0.000458938941481989,0.0010461099404813585,0.0021861653370457523,0.004018958935969376,0.006586085735612026,0.009842907401488174,0.012873059946430223,0.014538869465554492,0.013635174523613831,0.009300393890208359,0.001363043998894395,0.0,0.0,0.0,0.0,0.0,0.0,0.0,0.0,0.0,0.0,0.0,0.0
-0.83333,1.5448121604783662e-05,6.680874361273085e-05,0.00022810194558785485,0.0006616782596489917,0.0016793635422011285,0.00352479246365653,0.006461691516400454,0.01084222684460539,0.015834710056281006,0.020218017832439015,0.022315480244590596,0.020392819465288273,0.013204719348112246,0.0020273657992087397,0.0,0.0,0.0,0.0,0.0,0.0,0.0,0.0,0.0,0.0,0.0
-0.41667,0.0,0.0,0.0,0.0,0.0,0.0005829494303334916,0.002672399254447281,0.006963039240271643,0.01315200916983923,0.020424034947992525,0.026967531636784205,0.030153682485535058,0.02721258023523796,0.018239271184159137,0.006048117544978708,0.0,0.0,0.0,0.0,0.0,0.0,0.0,0.0,0.0,0.0
0.0,0.0,0.0,0.0,0.0,0.0,0.0,0.0,0.0,0.0028879467997733736,0.011343378560658174,0.02153476143561121,0.030411547976553144,0.03387952883894441,0.030411547976553144,0.02153476143561121,0.011343378560658174,0.0028879467997733736,0.0,0.0,0.0,0.0,0.0,0.0,0.0,0.0
0.41667,0.0,0.0,0.0,0.0,0.0,0.0,0.0,0.0,0.0,0.0,0.006048117544978708,0.018239271184159137,0.02721258023523796,0.030153682485535058,0.026967531636784205,0.020424034947992525,0.01315200916983923,0.006963039240271643,0.002672399254447281,0.0005829494303334916,0.0,0.0,0.0,0.0,0.0
0.83333,0.0,0.0,0.0,0.0,0.0,0.0,0.0,0.0,0.0,0.0,0.0,0.0020273657992087397,0.013204719348112246,0.020392819465288273,0.022315480244590596,0.020218017832439015,0.015834710056281006,0.01084222684460539,0.006461691516400454,0.00352479246365653,0.0016793635422011285,0.0006616782596489917,0.00022810194558785485,6.680874361273085e-05,1.5448121604783662e-05
1.25,0.0,0.0,0.0,0.0,0.0,0.0,0.0,0.0,0.0,0.0,0.0,0.0,0.001363043998894395,0.009300393890208359,0.013635174523613831,0.014538869465554492,0.012873059946430223,0.009842907401488174,0.006586085735612026,0.004018958935969376,0.0021861653370457523,0.0010461099404813585,0.000458938941481989,0.00018462490688910097,6.809210975306605e-05
1.66667,0.0,0.0,0.0,0.0,0.0,0.0,0.0,0.0,0.0,0.0,0.0,0.0,0.0,0.0019433802934364097,0.006107694756495104,0.008001956288419102,0.00791770002268723,0.00654589796399899,0.004676884244385035,0.0030105051259648593,0.0017243545886022004,0.0008752296569666055,0.00040592414813004013,0.00017210759838288728,6.67206305848587e-05
2.08333,0.0,0.0,0.0,0.0,0.0,0.0,0.0,0.0,0.0,0.0,0.0,0.0,0.0,0.0,0.0019284410209489014,0.003489174395542419,0.0038831234363699172,0.0034333341231636543,0.002574345751059132,0.0017170200810002968,0.0010142721745089321,0.0005312275658089636,0.0002531587376233422,0.0001099105950651328,4.350837622939481e-05
2.5,0.0,0.0,0.0,0.0,0.0,0.0,0.0,0.0,0.0,0.0,0.0,0.0,0.0,0.0,0.0003048439311664053,0.001192562368774629,0.0015324332410072685,0.0014477836017870434,0.0011316919723825636,0.0007765184362911354,0.0004692317933127639,0.0002510270470653614,0.00012173576057649675,5.363124999916087e-05,2.1495865105717934e-05
2.91667,0.0,0.0,0.0,0.0,0.0,0.0,0.0,0.0,0.0,0.0,0.0,0.0,0.0,0.0,0.0,0.0003225498505845725,0.0004972494531646612,0.0005019774251097052,0.0004071827961463584,0.00028607308742262326,0.00017597985299089308,9.563846964283754e-05,4.696530843711579e-05,2.090334482404655e-05,8.449728544458275e-06
3.33333,0.0,0.0,0.0,0.0,0.0,0.0,0.0,0.0,0.0,0.0,0.0,0.0,0.0,0.0,0.0,6.120435291571781e-05,0.00012876500792879928,0.00014100690266366774,0.00011902197733821329,8.56407511359622e-05,5.357955537709726e-05,2.9524821246823175e-05,1.4655533134480108e-05,6.579107384611777e-06,2.678175778297313e-06
3.75,0.0,0.0,0.0,0.0,0.0,0.0,0.0,0.0,0.0,0.0,0.0,0.0,0.0,0.0,0.0,7.927017454774954e-06,2.7956506921875947e-05,3.326058031200541e-05,2.9102836659127996e-05,2.1370348554384252e-05,1.3556325532947575e-05,7.553163588185997e-06,3.7808154872462573e-06,1.7084730285610638e-06,6.991704615146863e-07
4.16667,0.0,0.0,0.0,0.0,0.0,0.0,0.0,0.0,0.0,0.0,0.0,0.0,0.0,0.0,0.0,3.57914267472932e-07,5.088104582738963e-06,6.588893925328357e-06,5.9567176862004945e-06,4.4512618220088945e-06,2.8564773404400023e-06,1.6059522953607948e-06,8.092987886861549e-07,3.6761343175501753e-07,1.5106658202775243e-07
4.58333,0.0,0.0,0.0,0.0,0.0,0.0,0.0,0.0,0.0,0.0,0.0,0.0,0.0,0.0,0.0,0.0,7.252492443884309e-07,1.0619217755781492e-06,9.99794558985795e-07,7.626328398703337e-07,4.95747800897549e-07,2.813718247188241e-07,1.427837473117283e-07,6.520372355391154e-08,2.690760272520294e-08
5.0,0.0,0.0,0.0,0.0,0.0,0.0,0.0,0.0,0.0,0.0,0.0,0.0,0.0,0.0,0.0,0.0,8.227294010492893e-08,1.417829546608792e-07,1.3956901823167146e-07,1.0874090352245508e-07,7.159420879361262e-08,4.100470333906178e-08,2.0944705678340974e-08,9.612052964698175e-09,3.981989985392761e-09
